,user_name,num_of_logs,sum_num25,avg_num25,sum_num50,avg_num50,sum_num75,avg_num75,sum_num985,avg_num985,sum_num100,avg_num100,sum_num_total,avg_num_total,sum_num_unq,avg_num_unq,sum_total_secs,avg_total_secs,perc_of_accidentally_songs,perc_of_favourite_songs
0,zzz4xr5LLzoxUqD6LfKiieCt8Or4dUWFQ0RA5gmkx8I=,4,45,11.25,9,2.25,5,1.25,2,0.5,30,7.5,91,22.75,83,20.75,10456.617,2614.15425,0.4945054945054945,0.32967032967032966
1,zzz1Dc3P9s53HAowRTrm3fNsWju5yeN4YBfNDq7Z99Q=,4,6,1.5,2,0.5,1,0.25,3,0.75,29,7.25,41,10.25,33,8.25,8950.681999999999,2237.6704999999997,0.14634146341463414,0.7073170731707317
2,zzxZeMFx2fjfKZigMnJa2w0EmloDbm8+8nTf/o/00GY=,10,39,3.9,6,0.6,8,0.8,17,1.7,527,52.7,597,59.7,440,44.0,135537.514,13553.7514,0.06532663316582915,0.8827470686767169
3,zztGcSZznx0uMBvc0fTQVTfCzeS7Ho/otO2L/4FXs/w=,5,18,3.6,5,1.0,10,2.0,2,0.4,77,15.4,112,22.4,98,19.6,22428.567,4485.7134,0.16071428571428573,0.6875
4,zzmb2gX4F9mK0G1+2YQ8pqdYrPizIo0o+MNUA9+5I1I=,12,29,2.4166666666666665,15,1.25,8,0.6666666666666666,12,1.0,193,16.083333333333332,257,21.416666666666668,196,16.333333333333332,54345.282,4528.7735,0.11284046692607004,0.7509727626459144
5,zzm2UvJnzuTRkXaiaZHtbJwPG9jZQZkZxG0n4PYDTvw=,8,8,1.0,3,0.375,1,0.125,4,0.5,139,17.375,155,19.375,94,11.75,37632.179000000004,4704.0223750000005,0.05161290322580645,0.896774193548387
6,zzkXRrSwb5YwoC6X0Lr1yASb3nChanwe7CZuElXOZ4I=,1,3,3.0,0,0.0,0,0.0,0,0.0,7,7.0,10,10.0,9,9.0,1827.1589999999999,1827.1589999999999,0.3,0.7
7,zzfD9N/35OvcLc0Qe/qXhQSNF812/qO8COjGX5L7j8k=,2,17,8.5,5,2.5,1,0.5,3,1.5,20,10.0,46,23.0,43,21.5,6185.462,3092.731,0.3695652173913043,0.43478260869565216
8,zzVLNBeDA/LeQX9kVCwgd/mr0YAbrdUY/jkoJvNoW/c=,5,168,33.6,6,1.2,6,1.2,9,1.8,101,20.2,290,58.0,237,47.4,30107.82,6021.564,0.5793103448275863,0.3482758620689655
9,zzT1BU5MzUYHWKnBa48zdP7lZWITeOmsimFU5bw1aQc=,10,84,8.4,14,1.4,2,0.2,6,0.6,248,24.8,354,35.4,323,32.3,63952.535,6395.253500000001,0.23728813559322035,0.7005649717514124
10,zzRpViDA3YXl9f+XuMjpqYy0x9Q3V812IzUDhzRgw0M=,2,4,2.0,1,0.5,1,0.5,0,0.0,51,25.5,57,28.5,53,26.5,12983.356999999998,6491.678499999999,0.07017543859649122,0.8947368421052632
11,zzQuL5bIdKBZfKR55JlS2FEi2oK7/wPoXpWIXlpw7Eg=,10,47,4.7,21,2.1,16,1.6,16,1.6,782,78.2,882,88.2,637,63.7,200168.236,20016.8236,0.05328798185941043,0.8866213151927438
12,zzPtQgf5pa+thaoPPFGhlYec4Xmsrn2wpSuNKqQsh3A=,15,132,8.8,53,3.533333333333333,20,1.3333333333333333,24,1.6,483,32.2,712,47.46666666666667,588,39.2,138130.94600000003,9208.729733333335,0.1853932584269663,0.6783707865168539
13,zzLnH23r6uBuc6LN/nMHNTYTgp1/dO0RGBo6Cl45D1o=,8,21,2.625,9,1.125,4,0.5,4,0.5,238,29.75,276,34.5,250,31.25,62832.753000000004,7854.0941250000005,0.07608695652173914,0.8623188405797102
14,zzLDwEpn44C9BlfVM9AfU+mQ9vh0pCRp3YKJ/5DD5Fg=,2,7,3.5,2,1.0,0,0.0,0,0.0,25,12.5,34,17.0,24,12.0,6312.869000000001,3156.4345000000003,0.20588235294117646,0.7352941176470589
15,zzH2MH2PO0cNE/7q3GM8VQ5QNQ+joBNqmHEjEE0A4xQ=,3,154,51.333333333333336,26,8.666666666666666,4,1.3333333333333333,3,1.0,4,1.3333333333333333,191,63.666666666666664,127,42.333333333333336,5608.602,1869.5339999999999,0.806282722513089,0.020942408376963352
16,zzGJl56zlHz+AAX/8ob0UHtU1aXcg60DSA25lx3kqLE=,1,6,6.0,0,0.0,1,1.0,1,1.0,1,1.0,9,9.0,8,8.0,637.979,637.979,0.6666666666666666,0.1111111111111111
17,zzF2Rv1o9EaFRAqoMq0e6dxzenYJ9NOyNXnHiIeUWj0=,5,7,1.4,1,0.2,3,0.6,0,0.0,90,18.0,101,20.2,100,20.0,23889.797,4777.9594,0.06930693069306931,0.8910891089108911
18,zzDJ5/RPpbAqwp1yvXVpX5b4MEnqnUD2tQoZtDfhLVQ=,3,11,3.6666666666666665,5,1.6666666666666667,1,0.3333333333333333,1,0.3333333333333333,73,24.333333333333332,91,30.333333333333332,48,16.0,17797.205,5932.401666666668,0.12087912087912088,0.8021978021978022
19,zz9rEJzco9LGr/Ng7wXXGw19VgFsa3IH2swAfhVAiBU=,5,7,1.4,1,0.2,3,0.6,3,0.6,120,24.0,134,26.8,84,16.8,32554.228,6510.8456,0.05223880597014925,0.8955223880597015
20,zz9njTEmuZRP8et++XFiyG6eq7Xorgxsi8F730da+Jc=,3,70,23.333333333333332,19,6.333333333333333,12,4.0,12,4.0,53,17.666666666666668,166,55.333333333333336,145,48.333333333333336,19187.201,6395.733666666667,0.42168674698795183,0.3192771084337349
21,zz5fk2rfvT3ef27vQ5g/vBI6ctr8vJrUvRwY3pMNuEY=,1,0,0.0,0,0.0,0,0.0,0,0.0,2,2.0,2,2.0,2,2.0,412.38599999999997,412.38599999999997,0.0,1.0
22,zz1mdmXpCteI9yEg8V04EPNNaCdYOdumh6VLyRuCoWs=,5,8,1.6,2,0.4,0,0.0,0,0.0,80,16.0,90,18.0,84,16.8,19046.350000000002,3809.2700000000004,0.08888888888888889,0.8888888888888888
23,zz0Vg430/Dv+G/XCYqJ5uODVvLanVPNd4n23o67rm/c=,7,27,3.857142857142857,5,0.7142857142857143,6,0.8571428571428571,1,0.14285714285714285,241,34.42857142857143,280,40.0,247,35.285714285714285,61883.37,8840.48142857143,0.09642857142857143,0.8607142857142858
24,zyyIizV63uGu6R5OxSaXfh22ay/MUaQalmVE11LU3P4=,12,13,1.0833333333333333,7,0.5833333333333334,6,0.5,17,1.4166666666666667,68,5.666666666666667,111,9.25,83,6.916666666666667,22443.826,1870.3188333333335,0.11711711711711711,0.6126126126126126
25,zyv/tgkfq6v1kmCG1zkblK91VDVwjIVo9l68ixn5d70=,4,38,9.5,10,2.5,5,1.25,4,1.0,73,18.25,130,32.5,106,26.5,18912.126,4728.0315,0.2923076923076923,0.5615384615384615
26,zyu0O8EOUFzTY+wWp4ORsMXl9ONDbw8SBb/UBpDyfhI=,7,22,3.142857142857143,9,1.2857142857142858,8,1.1428571428571428,2,0.2857142857142857,157,22.428571428571427,198,28.285714285714285,156,22.285714285714285,40083.51699999999,5726.216714285713,0.1111111111111111,0.7929292929292929
27,zysxY9glURi8LpiVUtsX3MPABCZSSqPXq3vThbjWrTo=,4,28,7.0,6,1.5,7,1.75,0,0.0,33,8.25,74,18.5,65,16.25,9885.936,2471.484,0.3783783783783784,0.44594594594594594
28,zyrNil268cQSrugHNOGOcZpIJmDwPYbAEuQTlOiUqBM=,2,1,0.5,0,0.0,0,0.0,1,0.5,55,27.5,57,28.5,33,16.5,14776.471,7388.2355,0.017543859649122806,0.9649122807017544
29,zyf61bMaScnjHMAPnxOksQ/itJHZ42OOiEGMSBpv5Tw=,6,35,5.833333333333333,9,1.5,4,0.6666666666666666,5,0.8333333333333334,161,26.833333333333332,214,35.666666666666664,151,25.166666666666668,46468.97400000001,7744.8290000000015,0.16355140186915887,0.7523364485981309
30,zyc3EkYikwK6uJ7qjPdyki0M0vFd8f5TCbb+1wup9wI=,5,95,19.0,2,0.4,4,0.8,1,0.2,107,21.4,209,41.8,200,40.0,26136.076,5227.215200000001,0.45454545454545453,0.5119617224880383
31,zybp4I2q4hqJk7wnWNwEAn+1YEWeYD2oodgRAvL9Q7A=,7,24,3.4285714285714284,8,1.1428571428571428,10,1.4285714285714286,29,4.142857142857143,434,62.0,505,72.14285714285714,398,56.857142857142854,112455.35199999998,16065.050285714284,0.047524752475247525,0.8594059405940594
32,zyZT/JTLRdukYJmLcAwIo715eUdcR5YEXcnvX8DfGSs=,1,5,5.0,3,3.0,1,1.0,1,1.0,0,0.0,10,10.0,10,10.0,933.438,933.438,0.5,0.0
33,zyTEcTtphUixIWpw37Yv1cUVyDQA6G+fe+W6TqrW7xc=,9,30,3.3333333333333335,6,0.6666666666666666,2,0.2222222222222222,4,0.4444444444444444,67,7.444444444444445,109,12.11111111111111,86,9.555555555555555,18936.37,2104.041111111111,0.27522935779816515,0.6146788990825688
34,zyRhbyM71cneRFxq8TmJ6Mh+fEeLXx2Qh+HfzEwIu6Y=,9,40,4.444444444444445,5,0.5555555555555556,5,0.5555555555555556,3,0.3333333333333333,114,12.666666666666666,167,18.555555555555557,127,14.11111111111111,31036.51,3448.5011111111107,0.23952095808383234,0.6826347305389222
35,zyRMmrj0o2i82NBU8PtI/g0curLTAjYIxRyoEQgj3n4=,3,8,2.6666666666666665,4,1.3333333333333333,3,1.0,0,0.0,16,5.333333333333333,31,10.333333333333334,24,8.0,4306.834000000001,1435.6113333333335,0.25806451612903225,0.5161290322580645
36,zyMriwiljPmVqlOvEnzKkEeEJYJ6v8DGGcS3ag4pvF0=,11,69,6.2727272727272725,10,0.9090909090909091,12,1.0909090909090908,14,1.2727272727272727,148,13.454545454545455,253,23.0,219,19.90909090909091,43335.583000000006,3939.5984545454553,0.2727272727272727,0.5849802371541502
37,zyLmHmQr8PjKz1pQQEUhqdXNxNqiUv5D5eLjac2iT+I=,14,144,10.285714285714286,29,2.0714285714285716,25,1.7857142857142858,26,1.8571428571428572,300,21.428571428571427,524,37.42857142857143,455,32.5,88470.397,6319.314071428571,0.2748091603053435,0.5725190839694656
38,zyGB4uTsnZGRpgpzrv90hLVAZHmms1oDuRQPNM/y6iw=,8,10,1.25,6,0.75,1,0.125,1,0.125,83,10.375,101,12.625,95,11.875,21587.033,2698.379125,0.09900990099009901,0.8217821782178217
39,zyB/fxP4Qla0KhQ6tpmtJuUu41eBLa/Tf+o9rpQa/js=,1,5,5.0,3,3.0,2,2.0,1,1.0,0,0.0,11,11.0,10,10.0,986.87,986.87,0.45454545454545453,0.0
40,zy9UlOVz0Pv04UjUW5HhgF5m9wKgU1YfkHrQAH4kJqE=,4,13,3.25,2,0.5,2,0.5,2,0.5,83,20.75,102,25.5,63,15.75,14140.850999999999,3535.2127499999997,0.12745098039215685,0.8137254901960784
41,zy8E21zGSMhnq5k9A+5IYgGxxOYAXNz8do0E3EsN/E4=,7,7,1.0,2,0.2857142857142857,5,0.7142857142857143,2,0.2857142857142857,115,16.428571428571427,131,18.714285714285715,122,17.428571428571427,27714.025999999998,3959.146571428571,0.05343511450381679,0.8778625954198473
42,zy8BxO26bFW6f8vReYWST9l2Xf8M+xd6EtTZwIPa02Y=,3,9,3.0,1,0.3333333333333333,3,1.0,1,0.3333333333333333,14,4.666666666666667,28,9.333333333333334,17,5.666666666666667,4846.566999999999,1615.522333333333,0.32142857142857145,0.5
43,zy6iP+eDOgJYYsX6Sbo7GmDf7F2IRFIWgV96lhcY2Nk=,1,0,0.0,0,0.0,0,0.0,1,1.0,12,12.0,13,13.0,13,13.0,3937.4240000000004,3937.4240000000004,0.0,0.9230769230769231
44,zy6IQ+bE02B7kRg/N8Rqxzaq5rPuJKS9eDNjpAfQulw=,8,12,1.5,10,1.25,10,1.25,8,1.0,59,7.375,99,12.375,49,6.125,14592.059000000001,1824.0073750000001,0.12121212121212122,0.5959595959595959
45,zy1OTzCnxegYltHBw1D1pZ8OH41xuwN+N6a+YMB0pwk=,3,6,2.0,2,0.6666666666666666,1,0.3333333333333333,1,0.3333333333333333,191,63.666666666666664,201,67.0,43,14.333333333333334,48205.989,16068.663,0.029850746268656716,0.9502487562189055
46,zxzSK9XggY+jYctpYPR+dv++aSVg0OhAIfVWftWOlRQ=,3,8,2.6666666666666665,4,1.3333333333333333,3,1.0,5,1.6666666666666667,49,16.333333333333332,69,23.0,62,20.666666666666668,14691.012,4897.004,0.11594202898550725,0.7101449275362319
47,zxwE0Yss9bBs2PrCcUd0kOX9piK7YzR2Xtk11bAE2H8=,2,4,2.0,2,1.0,1,0.5,1,0.5,12,6.0,20,10.0,20,10.0,3751.25,1875.625,0.2,0.6
48,zxux6TtH8TP/VFXkRqiiL4X0UnKiKTH9eT/3R1wDXhc=,14,23,1.6428571428571428,13,0.9285714285714286,5,0.35714285714285715,3,0.21428571428571427,1017,72.64285714285714,1061,75.78571428571429,545,38.92857142857143,242749.77399999995,17339.26957142857,0.021677662582469368,0.9585296889726673
49,zxt4qT59Hl/a8G3n/i0DUabbvbuTaqox3QLuMxnuxS4=,14,78,5.571428571428571,10,0.7142857142857143,14,1.0,7,0.5,1000,71.42857142857143,1109,79.21428571428571,833,59.5,250153.26100000006,17868.090071428574,0.0703336339044184,0.9017132551848512
50,zxr0R/acjtn9evnx4d0nj8/DQaY84fsd+M+u1ZXC/y0=,1,4,4.0,2,2.0,0,0.0,1,1.0,1,1.0,8,8.0,8,8.0,796.6039999999999,796.6039999999999,0.5,0.125
51,zxkszzseq6/HFXR3MCK2zOC7LT7VcesJM9Pk6riXP70=,1,7,7.0,4,4.0,2,2.0,0,0.0,2,2.0,15,15.0,14,14.0,1133.24,1133.24,0.4666666666666667,0.13333333333333333
52,zxkMNFID3cq8fLz9PB+rfS+HDREqbRvIKPtVY3XDV4E=,14,21,1.5,6,0.42857142857142855,11,0.7857142857142857,7,0.5,913,65.21428571428571,958,68.42857142857143,700,50.0,234240.72700000004,16731.4805,0.021920668058455117,0.9530271398747391
53,zxfo/xz1mS8xX7a2m4vqkL3sc3dgZoHww8vp34x9CSI=,2,131,65.5,25,12.5,2,1.0,0,0.0,18,9.0,176,88.0,153,76.5,9446.698,4723.349,0.7443181818181818,0.10227272727272728
54,zxWy/ynzyWxuhG0Yz3A/R4NIwJ4HcLtOTB85v9mrp7Q=,4,0,0.0,0,0.0,0,0.0,1,0.25,36,9.0,37,9.25,37,9.25,8312.18,2078.045,0.0,0.972972972972973
55,zxWoqa02+bYSHQUpPHkQzuBlb2BBM1yJVgvZkGTfsoU=,5,66,13.2,18,3.6,2,0.4,3,0.6,32,6.4,121,24.2,75,15.0,11581.154,2316.2308000000003,0.5454545454545454,0.2644628099173554
56,zxW64diibqYNXKJ8SUugR9MbGvGE+ce4gC7zvpmkARY=,5,17,3.4,9,1.8,6,1.2,1,0.2,55,11.0,88,17.6,49,9.8,15926.162,3185.2324,0.19318181818181818,0.625
57,zxUzLvmAFGxjeB2dzbUtpgE4dhfdtFbfziez2VvSY2k=,8,48,6.0,25,3.125,40,5.0,20,2.5,154,19.25,287,35.875,201,25.125,51245.083,6405.635375,0.1672473867595819,0.5365853658536586
58,zxTmJsyBRqRIY9sKvbCz+5rOv/gV+JwxcezZGEWOnPU=,3,20,6.666666666666667,4,1.3333333333333333,6,2.0,6,2.0,110,36.666666666666664,146,48.666666666666664,110,36.666666666666664,28918.578,9639.526,0.136986301369863,0.7534246575342466
59,zxTGNxKeA8uTxLrng++rZgugmo32zvfWDa1KOAydW5U=,5,17,3.4,5,1.0,1,0.2,4,0.8,90,18.0,117,23.4,103,20.6,23504.544,4700.9088,0.1452991452991453,0.7692307692307693
60,zxT7MDLwxHV+ytqwISi2g/w3Ms99Jc69z7BkzoTFkU4=,6,75,12.5,12,2.0,12,2.0,6,1.0,287,47.833333333333336,392,65.33333333333333,262,43.666666666666664,73384.459,12230.743166666667,0.1913265306122449,0.7321428571428571
61,zxRKfsYK53mVh3sptZucghES89W5ixYpkJ/VQIdf7eM=,15,66,4.4,23,1.5333333333333334,27,1.8,41,2.7333333333333334,1250,83.33333333333333,1407,93.8,768,51.2,331682.15599999996,22112.14373333333,0.046908315565031986,0.8884150675195451
62,zxQomVIlzDChO+c6QTnDglLWePgeTQS8/ZQonPmu2rQ=,14,99,7.071428571428571,24,1.7142857142857142,15,1.0714285714285714,12,0.8571428571428571,332,23.714285714285715,482,34.42857142857143,446,31.857142857142858,84557.976,6039.855428571428,0.2053941908713693,0.6887966804979253
63,zxOn+hQ10250ceFeVJuEbE3g8AreFxc8UwnpdFG5GQg=,4,20,5.0,1,0.25,4,1.0,0,0.0,67,16.75,92,23.0,91,22.75,16984.918999999998,4246.2297499999995,0.21739130434782608,0.7282608695652174
64,zxOdtRlX2GOhAFewJyQMzDxRHQKzzY+86xc8a5BR/ew=,10,46,4.6,13,1.3,4,0.4,8,0.8,140,14.0,211,21.1,177,17.7,38612.002,3861.2002,0.21800947867298578,0.6635071090047393
65,zxNNTufGyQjGvSQ3dCNAYn++Eg5Qy93267GXry9ouCs=,6,7,1.1666666666666667,5,0.8333333333333334,2,0.3333333333333333,2,0.3333333333333333,57,9.5,73,12.166666666666666,66,11.0,13224.86,2204.1433333333334,0.0958904109589041,0.7808219178082192
66,zxLNPc1Npnv5PCp7qWNF5nMOm6BuyA8P8B77XaEp4ck=,2,21,10.5,4,2.0,6,3.0,12,6.0,92,46.0,135,67.5,104,52.0,24961.356,12480.678,0.15555555555555556,0.6814814814814815
67,zxInnIKi7ttpdR9vfOAYhm9/ZB7xDjlmvzW0Gn0+ZcI=,1,1,1.0,1,1.0,0,0.0,0,0.0,2,2.0,4,4.0,4,4.0,514.388,514.388,0.25,0.5
68,zx9dv7HwJ1rKv+xCX9nGi/ZYD8KYuXfPqxFzbgUXQB4=,14,73,5.214285714285714,18,1.2857142857142858,22,1.5714285714285714,13,0.9285714285714286,282,20.142857142857142,408,29.142857142857142,390,27.857142857142858,78750.18000000001,5625.012857142858,0.17892156862745098,0.6911764705882353
69,zx5Jm+82zV0Lk273YrwpTHwHDSRCC0kfeiL2Q9Qc234=,13,488,37.53846153846154,67,5.153846153846154,39,3.0,22,1.6923076923076923,597,45.92307692307692,1213,93.3076923076923,852,65.53846153846153,155929.53999999998,11994.579999999998,0.4023083264633141,0.4921681780708986
70,zwzYFfxZsYuRpRvEwRMuH6eHOIYE/4m1ky8tyXwdpXg=,9,41,4.555555555555555,5,0.5555555555555556,6,0.6666666666666666,17,1.8888888888888888,181,20.11111111111111,250,27.77777777777778,217,24.11111111111111,48054.69500000001,5339.410555555556,0.164,0.724
71,zwz2dHsCkMa1wWri1zgKQKXau8Qre3kvKIOYH6B/OEs=,2,7,3.5,2,1.0,1,0.5,1,0.5,44,22.0,55,27.5,47,23.5,9737.603,4868.8015,0.12727272727272726,0.8
72,zwwM81AX3WwdUYeOA4VUQXPlkZu5ep4UupJpUzMJcAM=,8,110,13.75,13,1.625,5,0.625,8,1.0,152,19.0,288,36.0,241,30.125,41035.12400000001,5129.390500000001,0.3819444444444444,0.5277777777777778
73,zwtSy5lYzrgvVAWWp7zyL0AvynG8IRznZWNUAepd33c=,12,15,1.25,9,0.75,8,0.6666666666666666,4,0.3333333333333333,312,26.0,348,29.0,155,12.916666666666666,73495.251,6124.60425,0.04310344827586207,0.896551724137931
74,zwrdrCyMZbtxRtZP4UJyj3kOn7K48s+M6OeMZ4ZJNuU=,1,13,13.0,1,1.0,1,1.0,1,1.0,4,4.0,20,20.0,15,15.0,1654.9589999999998,1654.9589999999998,0.65,0.2
75,zwpnD5xIhTIKwOKlYvsB40vTVIpafypo5W9r0wgIPiQ=,14,178,12.714285714285714,125,8.928571428571429,32,2.2857142857142856,37,2.642857142857143,335,23.928571428571427,707,50.5,379,27.071428571428573,110324.41699999999,7880.315499999999,0.25176803394625175,0.4738330975954738
76,zwncKT1PJImMcvdLMG2GlmOsk6b1/fTSJcPGd+5Ipek=,7,1,0.14285714285714285,3,0.42857142857142855,0,0.0,4,0.5714285714285714,228,32.57142857142857,236,33.714285714285715,213,30.428571428571427,56723.462,8103.3517142857145,0.00423728813559322,0.9661016949152542
77,zwnDcSlUD75+UbGgzM9JAlGsFQZvuKTd8EQRWO1RTm4=,3,66,22.0,21,7.0,4,1.3333333333333333,11,3.6666666666666665,197,65.66666666666667,299,99.66666666666667,168,56.0,42662.380999999994,14220.793666666665,0.22073578595317725,0.6588628762541806
78,zwlWwCj+aXI/MxAdvx5UMI1pYe6TNI/jQn8PXyeHZgw=,8,56,7.0,11,1.375,3,0.375,1,0.125,194,24.25,265,33.125,218,27.25,51999.884999999995,6499.985624999999,0.21132075471698114,0.7320754716981132
79,zwl910YB1dPjvf5YmcokMVwigmq1UaGlHTLEm0yP4l0=,1,0,0.0,1,1.0,0,0.0,1,1.0,25,25.0,27,27.0,25,25.0,6845.388000000001,6845.388000000001,0.0,0.9259259259259259
80,zwkwHErUBrK+m0mucoUMCxCO2lXREorl0mA82OvgfPE=,10,41,4.1,19,1.9,17,1.7,17,1.7,172,17.2,266,26.6,187,18.7,51117.157999999996,5111.7158,0.15413533834586465,0.6466165413533834
81,zwi4ZbHQkwwLLw09x57LabdPe4134/XPZujbnsy70ro=,4,34,8.5,7,1.75,1,0.25,4,1.0,180,45.0,226,56.5,192,48.0,47635.494999999995,11908.873749999999,0.1504424778761062,0.7964601769911505
82,zwhFId1yYh3Hvv+cyH8UMXgqxO23Z8C3ccxNHwttUtU=,9,62,6.888888888888889,4,0.4444444444444444,6,0.6666666666666666,3,0.3333333333333333,161,17.88888888888889,236,26.22222222222222,161,17.88888888888889,44695.89,4966.21,0.2627118644067797,0.6822033898305084
83,zwh69Mg1IOeldVo71JSB/CXjDsrsMaRNa7tiZeTwtds=,15,22,1.4666666666666666,5,0.3333333333333333,5,0.3333333333333333,2,0.13333333333333333,264,17.6,298,19.866666666666667,260,17.333333333333332,82448.72100000002,5496.581400000001,0.0738255033557047,0.8859060402684564
84,zwebPdFr52cz5fS90jKo9haoq+pEMqcGzIQ3A3HuB5s=,14,80,5.714285714285714,43,3.0714285714285716,19,1.3571428571428572,16,1.1428571428571428,278,19.857142857142858,436,31.142857142857142,369,26.357142857142858,79823.11,5701.6507142857145,0.1834862385321101,0.6376146788990825
85,zwanfN5pNSsNefewv05aMLB29O5EVf4lLRfwxDBOp90=,2,5,2.5,16,8.0,2,1.0,3,1.5,8,4.0,34,17.0,32,16.0,4598.6759999999995,2299.3379999999997,0.14705882352941177,0.23529411764705882
86,zwY8hkX30UKv1zx8L3/Pcm3VaYVjHvOqSwnZ/iB9MuI=,15,239,15.933333333333334,30,2.0,29,1.9333333333333333,29,1.9333333333333333,810,54.0,1137,75.8,814,54.266666666666666,219178.28499999997,14611.885666666665,0.2102022867194371,0.712401055408971
87,zwWfvAlkPtCp1JRfJgUm56UxaqsYrHVtIn6eJkDpWVI=,6,10,1.6666666666666667,6,1.0,8,1.3333333333333333,4,0.6666666666666666,92,15.333333333333334,120,20.0,55,9.166666666666666,24197.562000000005,4032.927000000001,0.08333333333333333,0.7666666666666667
88,zwTdCQVPE8MddNdImaOnpBfS+BuRptk5BgtmN0xE4xw=,2,20,10.0,7,3.5,5,2.5,6,3.0,54,27.0,92,46.0,73,36.5,15182.028,7591.014,0.21739130434782608,0.5869565217391305
89,zwT482581YiRB4JhStv/ooNQc5pK3JForRDPWkKn/Tw=,2,5,2.5,1,0.5,1,0.5,2,1.0,21,10.5,30,15.0,11,5.5,6476.271000000001,3238.1355000000003,0.16666666666666666,0.7
90,zwRqboYYYSZ8eEs6jlBnO32m0y/JZcH+GkX7ccETbo0=,4,10,2.5,3,0.75,7,1.75,4,1.0,58,14.5,82,20.5,69,17.25,17108.277000000002,4277.0692500000005,0.12195121951219512,0.7073170731707317
91,zwMGfxCrxX7fObccGY5Yp8s+5pKecnJlmml4KH0h2PE=,7,22,3.142857142857143,10,1.4285714285714286,6,0.8571428571428571,18,2.5714285714285716,460,65.71428571428571,516,73.71428571428571,339,48.42857142857143,119543.75200000001,17077.67885714286,0.04263565891472868,0.8914728682170543
92,zwLUjmOoe7/ihGZva7X+yh3XmL1BHX8doAnjVfsoj0o=,7,50,7.142857142857143,38,5.428571428571429,17,2.4285714285714284,8,1.1428571428571428,532,76.0,645,92.14285714285714,95,13.571428571428571,132777.29200000002,18968.184571428574,0.07751937984496124,0.8248062015503876
93,zwHBBred4QVo6S3KnVNCJ81SvmdrChbW7XGB2E5brkQ=,7,32,4.571428571428571,10,1.4285714285714286,10,1.4285714285714286,2,0.2857142857142857,131,18.714285714285715,185,26.428571428571427,91,13.0,35252.604,5036.086285714286,0.17297297297297298,0.7081081081081081
94,zwFB9L2DxchJbTcZLL8z7lj5hNIlJb79m2XJK75o5Ak=,6,19,3.1666666666666665,8,1.3333333333333333,8,1.3333333333333333,5,0.8333333333333334,178,29.666666666666668,218,36.333333333333336,167,27.833333333333332,49378.79000000001,8229.798333333334,0.0871559633027523,0.8165137614678899
95,zwCmRyIdK7tU87p7gzFosgvegKahXGGaOQpcwNGaoJE=,13,49,3.769230769230769,14,1.0769230769230769,8,0.6153846153846154,13,1.0,271,20.846153846153847,355,27.307692307692307,309,23.76923076923077,74042.67000000001,5695.590000000001,0.13802816901408452,0.7633802816901408
96,zwCCxbEGDev2D3CcpQKm6es1MkkNUaNrMe7i1ypokQU=,4,7,1.75,4,1.0,2,0.5,6,1.5,212,53.0,231,57.75,175,43.75,57373.53199999999,14343.382999999998,0.030303030303030304,0.9177489177489178
97,zw8QqLrZs9D4xxRMj2TVjUySHLvjOIy3hS+8CRzXE10=,3,115,38.333333333333336,30,10.0,6,2.0,3,1.0,69,23.0,223,74.33333333333333,189,63.0,24439.392,8146.464,0.515695067264574,0.3094170403587444
98,zw5hmyZ5gJuxmEBqEuDMUASgph/kp6IXVd0lpUcgmsE=,16,42,2.625,22,1.375,21,1.3125,29,1.8125,1004,62.75,1118,69.875,619,38.6875,246932.60799999995,15433.287999999997,0.03756708407871199,0.8980322003577818
99,zw5UN17YlQSfBnaYpQyx9fcUiGu9EQk+a4YiBWb02lg=,11,33,3.0,7,0.6363636363636364,6,0.5454545454545454,7,0.6363636363636364,133,12.090909090909092,186,16.90909090909091,157,14.272727272727273,36758.855,3341.7140909090913,0.1774193548387097,0.7150537634408602
100,zw45EOTOFhIVrNEddIOLy9bku03+Vec8K+rYdGaNjM8=,1,0,0.0,0,0.0,0,0.0,0,0.0,55,55.0,55,55.0,55,55.0,13111.0,13111.0,0.0,1.0
101,zw2ZSWSBlzlfZdbqmITA2V6h9lNHB/JPihHxpV0SJRM=,13,71,5.461538461538462,21,1.6153846153846154,10,0.7692307692307693,13,1.0,655,50.38461538461539,770,59.23076923076923,625,48.07692307692308,158106.25599999996,12162.01969230769,0.09220779220779221,0.8506493506493507
102,zw2Y7romtYZe5Uc74PYFLbdyVJP2isbNSkh3UyUn3Aw=,4,3,0.75,0,0.0,2,0.5,1,0.25,50,12.5,56,14.0,52,13.0,16168.595000000001,4042.1487500000003,0.05357142857142857,0.8928571428571429
103,zw0oXV6zl3ZCmOY7Ft+0l/eliZc4wkq4JC9ndwTdFus=,4,58,14.5,11,2.75,5,1.25,8,2.0,58,14.5,140,35.0,115,28.75,16253.224000000002,4063.3060000000005,0.4142857142857143,0.4142857142857143
104,zvybLPEGSbD9InaZE5lqgNpOqOJNI7WHZcT/vwSp8q0=,15,200,13.333333333333334,39,2.6,28,1.8666666666666667,42,2.8,845,56.333333333333336,1154,76.93333333333334,733,48.86666666666667,237638.445,15842.563,0.1733102253032929,0.7322357019064125
105,zvue4vmeu70nRq0Hn6rFKzYdpd4B86b1wCDEnkzQAdc=,7,53,7.571428571428571,8,1.1428571428571428,6,0.8571428571428571,12,1.7142857142857142,118,16.857142857142858,197,28.142857142857142,134,19.142857142857142,32730.706000000002,4675.815142857143,0.26903553299492383,0.5989847715736041
106,zvte0CDgpTKAsfdxAIU+e4mzKWWZkMeLF/WGlxAsH6g=,7,74,10.571428571428571,10,1.4285714285714286,9,1.2857142857142858,11,1.5714285714285714,359,51.285714285714285,463,66.14285714285714,407,58.142857142857146,95574.128,13653.446857142857,0.15982721382289417,0.775377969762419
107,zvlCRGxnSDcbpwQ9HM0J2V3Z34n59plt0tLdFB6E3W0=,12,24,2.0,7,0.5833333333333334,2,0.16666666666666666,3,0.25,272,22.666666666666668,308,25.666666666666668,120,10.0,69131.23000000001,5760.935833333334,0.07792207792207792,0.8831168831168831
108,zvjgWS6M5HR1y8hbJujRUpkVchwMa8eFwbgNlMfNN90=,1,0,0.0,0,0.0,1,1.0,0,0.0,1,1.0,2,2.0,2,2.0,360.102,360.102,0.0,0.5
109,zvjLhRJZ3tbGx+6de2hOafno8AgWOXDE8umvE5sZikk=,3,8,2.6666666666666665,1,0.3333333333333333,2,0.6666666666666666,4,1.3333333333333333,18,6.0,33,11.0,31,10.333333333333334,6404.908,2134.9693333333335,0.24242424242424243,0.5454545454545454
110,zvhRQYR6+BNRa2rRm/JNAkxMnpn47IcuimAQ9DqYi6A=,6,34,5.666666666666667,16,2.6666666666666665,10,1.6666666666666667,9,1.5,555,92.5,624,104.0,278,46.333333333333336,140597.171,23432.861833333332,0.05448717948717949,0.8894230769230769
111,zvgVbu5o5+PPCZid4NwqQrGNJVzdptkMj+9ANZ6PXtA=,4,5,1.25,2,0.5,2,0.5,1,0.25,80,20.0,90,22.5,82,20.5,21813.704999999998,5453.4262499999995,0.05555555555555555,0.8888888888888888
112,zvf/AekMXPI93skdTfaS8IDnooMan1sESLYT6JX7EyM=,13,36,2.769230769230769,9,0.6923076923076923,17,1.3076923076923077,12,0.9230769230769231,1123,86.38461538461539,1197,92.07692307692308,1012,77.84615384615384,278248.5,21403.73076923077,0.03007518796992481,0.9381787802840434
113,zvYHlpkjK7yOjCKhF/O437x8BsGXWe52Y0Dv3VNJ0Mk=,12,32,2.6666666666666665,24,2.0,14,1.1666666666666667,10,0.8333333333333334,112,9.333333333333334,192,16.0,180,15.0,30820.071999999996,2568.339333333333,0.16666666666666666,0.5833333333333334
114,zvX/4TbuW37GKoAOLsbbmw2nayHKGP1vyXQTRUqcb3M=,6,19,3.1666666666666665,5,0.8333333333333334,4,0.6666666666666666,9,1.5,98,16.333333333333332,135,22.5,117,19.5,25975.021,4329.170166666667,0.14074074074074075,0.725925925925926
115,zvVYcBF0rOiodRI6uHYEd8WbRDjIzZhImd4HIMyrgp8=,1,19,19.0,2,2.0,2,2.0,1,1.0,79,79.0,103,103.0,59,59.0,17648.693,17648.693,0.18446601941747573,0.7669902912621359
116,zvTpgEf6wJYPG44qjjaegvRz8Xp4hsy3n6uNovERnBs=,3,28,9.333333333333334,13,4.333333333333333,11,3.6666666666666665,9,3.0,250,83.33333333333333,311,103.66666666666667,192,64.0,65149.621,21716.540333333334,0.09003215434083602,0.8038585209003215
117,zvSIDeCguIGwdXHWeHqKzbwWOt5P6wNFEiZUaF5MvC8=,1,6,6.0,2,2.0,3,3.0,1,1.0,13,13.0,25,25.0,23,23.0,4109.799,4109.799,0.24,0.52
118,zvQx89Wlkpz4Do72St2E3GkKYSrK+hzys6lvTTsYKD4=,3,15,5.0,7,2.3333333333333335,2,0.6666666666666666,5,1.6666666666666667,13,4.333333333333333,42,14.0,42,14.0,5190.669,1730.223,0.35714285714285715,0.30952380952380953
119,zvJdSN8bTK1CC+ODkp031d/gciMpoKqi0i6/H8KkUUo=,14,74,5.285714285714286,56,4.0,9,0.6428571428571429,13,0.9285714285714286,720,51.42857142857143,872,62.285714285714285,559,39.92857142857143,182311.519,13022.251357142857,0.08486238532110092,0.8256880733944955
120,zvIyAODLzF3Bye7XeYdiVsI2hGKKVty0/pE34rdWQh4=,13,53,4.076923076923077,13,1.0,7,0.5384615384615384,12,0.9230769230769231,392,30.153846153846153,477,36.69230769230769,230,17.692307692307693,111198.22200000002,8553.709384615386,0.1111111111111111,0.8218029350104822
121,zvDNN/ARrWWkdiXFD2Oqdf9OD37MOy8YDN9jwYLIdxI=,5,8,1.6,2,0.4,3,0.6,2,0.4,32,6.4,47,9.4,31,6.2,9646.86,1929.372,0.1702127659574468,0.6808510638297872
122,zvC0c+0oYDzoEta2wyWBttYDBdyvqAXM4NqDzb1NEUQ=,8,56,7.0,5,0.625,6,0.75,3,0.375,97,12.125,167,20.875,159,19.875,26408.032000000003,3301.0040000000004,0.33532934131736525,0.5808383233532934
123,zv7YD0nkKSSe7d65nHagpWhjh7kKRYTixpS0jjrvp5I=,1,0,0.0,0,0.0,0,0.0,1,1.0,81,81.0,82,82.0,59,59.0,20026.556,20026.556,0.0,0.9878048780487805
124,zv0nO3bim6Cz6SFOT6GATTT0Z04qP3Cs+70xLsU3gUI=,4,11,2.75,0,0.0,2,0.5,1,0.25,28,7.0,42,10.5,26,6.5,7957.000999999999,1989.2502499999998,0.2619047619047619,0.6666666666666666
125,zuzYhVwgKixWKDvAR97zN1jqee4lV5zAs/nreom6qYA=,5,6,1.2,6,1.2,3,0.6,1,0.2,55,11.0,71,14.2,60,12.0,15599.098,3119.8196,0.08450704225352113,0.7746478873239436
126,zuzSCy9MPvjiHGTyR4xcKL6v0wUBkPMJuo2eTz6nL5Q=,2,17,8.5,10,5.0,8,4.0,1,0.5,21,10.5,57,28.5,46,23.0,7628.986,3814.493,0.2982456140350877,0.3684210526315789
127,zuyCgCsX/t1x6bGHm5OTZ47Ui3fAhTUSPVWTTBVIWEM=,2,4,2.0,0,0.0,1,0.5,0,0.0,13,6.5,18,9.0,18,9.0,3495.121,1747.5605,0.2222222222222222,0.7222222222222222
128,zuw8VAmVTS3JfKVLs2Of3voWXePPgcD3k9kNX5AiMqg=,8,20,2.5,0,0.0,0,0.0,0,0.0,159,19.875,179,22.375,91,11.375,46150.419,5768.802375,0.11173184357541899,0.888268156424581
129,zuw/I00ynJfJ6thHQ9BZY7t7WMZ9WlByjWZEvuNdrd0=,9,29,3.2222222222222223,7,0.7777777777777778,5,0.5555555555555556,20,2.2222222222222223,184,20.444444444444443,245,27.22222222222222,231,25.666666666666668,52508.29,5834.254444444445,0.11836734693877551,0.7510204081632653
130,zuuZ4EU4/qB+2tVuKwf0Z1VZFxvTtmpxHWJfBsanJ/0=,1,1,1.0,0,0.0,0,0.0,1,1.0,13,13.0,15,15.0,15,15.0,3663.386,3663.386,0.06666666666666667,0.8666666666666667
131,zutEEoNXWK8OW6smAgjFb/tAG793V3QAVtTQzkjZzyw=,13,59,4.538461538461538,10,0.7692307692307693,4,0.3076923076923077,9,0.6923076923076923,490,37.69230769230769,572,44.0,316,24.307692307692307,120697.86699999997,9284.451307692305,0.10314685314685315,0.8566433566433567
132,zuktZTRz59rTTUC/LyKo9YrK2qQ02fe2u67RScwwifw=,15,17,1.1333333333333333,4,0.26666666666666666,1,0.06666666666666667,7,0.4666666666666667,1346,89.73333333333333,1375,91.66666666666667,958,63.86666666666667,303911.485,20260.765666666666,0.012363636363636363,0.978909090909091
133,zujzuKIno8aD8g/goJLnuWf4wl3Q85Ngb+ZiXKa7AhM=,13,101,7.769230769230769,64,4.923076923076923,22,1.6923076923076923,9,0.6923076923076923,292,22.46153846153846,488,37.53846153846154,384,29.53846153846154,85165.08000000002,6551.160000000002,0.2069672131147541,0.5983606557377049
134,zujE4bfBHCrZfpkAI0y3tV7HYzaG300O+3K+HxKIbds=,3,3,1.0,0,0.0,1,0.3333333333333333,0,0.0,73,24.333333333333332,77,25.666666666666668,37,12.333333333333334,18372.385000000002,6124.128333333334,0.03896103896103896,0.948051948051948
135,zuglYVMUaKVZ53JUSo7jP5Go90nYzRfwgtu0gPTeRR4=,14,62,4.428571428571429,16,1.1428571428571428,11,0.7857142857142857,11,0.7857142857142857,216,15.428571428571429,316,22.571428571428573,185,13.214285714285714,64392.58299999999,4599.470214285714,0.1962025316455696,0.6835443037974683
136,zueTt/yo7Cx8zD5YiwnpUrHRpjqMje08Wb3XeMv6guc=,9,55,6.111111111111111,12,1.3333333333333333,6,0.6666666666666666,7,0.7777777777777778,220,24.444444444444443,300,33.333333333333336,289,32.111111111111114,59564.464,6618.2737777777775,0.18333333333333332,0.7333333333333333
137,zudJuvLKDdFbZeqjIrkm01RFCL706Iq0mUL0L1VQm+E=,10,41,4.1,5,0.5,5,0.5,4,0.4,170,17.0,225,22.5,203,20.3,44454.873999999996,4445.4874,0.18222222222222223,0.7555555555555555
138,zub3cx/nwJm4cVmX4XhZHisLTZItpoyqEE53FAq+YfA=,9,93,10.333333333333334,13,1.4444444444444444,5,0.5555555555555556,9,1.0,521,57.888888888888886,641,71.22222222222223,621,69.0,132765.97400000002,14751.774888888891,0.14508580343213728,0.8127925117004681
139,zuWy7HC9YaAJlrENBFoAUME7HOoLdySdsSuFjOTQTWc=,8,3,0.375,4,0.5,1,0.125,1,0.125,138,17.25,147,18.375,103,12.875,36440.651,4555.081375,0.02040816326530612,0.9387755102040817
140,zuVhuoIWDML/8ZdeomAWuNmZCFPK0Fdnr2yZgEp89GY=,2,2,1.0,1,0.5,0,0.0,2,1.0,11,5.5,16,8.0,16,8.0,3598.7250000000004,1799.3625000000002,0.125,0.6875
141,zuTvpvfK10apYF/k7nsBB/Oxe331vLwL3CrAxGgPGoE=,1,1,1.0,2,2.0,0,0.0,0,0.0,3,3.0,6,6.0,6,6.0,1099.516,1099.516,0.16666666666666666,0.5
142,zuNJsog8Lzl/I4xPWylIslfhKuBI25hAaxLy1bQSMQo=,9,131,14.555555555555555,7,0.7777777777777778,16,1.7777777777777777,12,1.3333333333333333,427,47.44444444444444,593,65.88888888888889,346,38.44444444444444,104271.199,11585.688777777777,0.2209106239460371,0.7200674536256324
143,zuMPI9Yqgx/q7KhugQnjfmSgl8eh5tDvMGijLVR8OW0=,6,8,1.3333333333333333,2,0.3333333333333333,2,0.3333333333333333,1,0.16666666666666666,167,27.833333333333332,180,30.0,168,28.0,39033.572,6505.595333333334,0.044444444444444446,0.9277777777777778
144,zuEuDmJJBpNOM0shYMkQ/grS/LbBRknIv5HWjsynBcY=,3,3,1.0,1,0.3333333333333333,2,0.6666666666666666,1,0.3333333333333333,14,4.666666666666667,21,7.0,21,7.0,4553.950000000001,1517.9833333333336,0.14285714285714285,0.6666666666666666
145,zuBb4pdwRgdGNcOqNtozLX4qlLF43SNVU3wjB99DTuM=,2,3,1.5,1,0.5,1,0.5,0,0.0,99,49.5,104,52.0,102,51.0,23223.338,11611.669,0.028846153846153848,0.9519230769230769
146,zu8d6UHjRfCUDQ/RdENB1rWHustrvUl6ayYIDaYbPt4=,13,86,6.615384615384615,14,1.0769230769230769,11,0.8461538461538461,23,1.7692307692307692,264,20.307692307692307,398,30.615384615384617,374,28.76923076923077,80229.655,6171.511923076923,0.21608040201005024,0.6633165829145728
147,zu5SlIVXmcwcTI1p35i9dKbsmWjwva3kspfo2B6ODbM=,11,31,2.8181818181818183,3,0.2727272727272727,3,0.2727272727272727,4,0.36363636363636365,218,19.818181818181817,259,23.545454545454547,192,17.454545454545453,53768.098,4888.008909090909,0.11969111969111969,0.8416988416988417
148,zu3XcjjG2Von72iSJ77TzvTIz2rY9ETep3b0t9V1ZhA=,1,3,3.0,0,0.0,0,0.0,3,3.0,3,3.0,9,9.0,9,9.0,866.076,866.076,0.3333333333333333,0.3333333333333333
149,zu1dlENQa1KEUWuMgPWEny5DCThALJj9Z/vJwQcTnCA=,8,51,6.375,19,2.375,17,2.125,12,1.5,316,39.5,415,51.875,350,43.75,84514.64199999999,10564.330249999999,0.12289156626506025,0.7614457831325301
150,zu/GmYnE8z/q7NM+a++dbPp2L8pAG66oHbdg9ZotD50=,3,9,3.0,2,0.6666666666666666,0,0.0,0,0.0,13,4.333333333333333,24,8.0,23,7.666666666666667,3761.366,1253.7886666666666,0.375,0.5416666666666666
151,ztyyV6JKIIJkyWtjdLOo7Yc59GwpQABFVnxQm/ogAlo=,7,10,1.4285714285714286,7,1.0,4,0.5714285714285714,2,0.2857142857142857,221,31.571428571428573,244,34.857142857142854,194,27.714285714285715,57840.332,8262.904571428571,0.040983606557377046,0.9057377049180327
152,ztyQFEeSQug3iREtuXqgCXhRyN8ENQeoLJxt8IXqm0w=,11,34,3.090909090909091,8,0.7272727272727273,10,0.9090909090909091,4,0.36363636363636365,213,19.363636363636363,269,24.454545454545453,221,20.09090909090909,59512.123999999996,5410.193090909091,0.12639405204460966,0.79182156133829
153,zty70gZsDfadGSmSfLh+ledh/ZL6M1t4opN/hIP98nc=,1,0,0.0,0,0.0,0,0.0,0,0.0,7,7.0,7,7.0,7,7.0,1768.2379999999998,1768.2379999999998,0.0,1.0
154,ztv+vEE+aqQwpU9EZvUXza93FoNGn65NwS+Y2LI8BzI=,1,2,2.0,0,0.0,1,1.0,0,0.0,18,18.0,21,21.0,21,21.0,4655.615,4655.615,0.09523809523809523,0.8571428571428571
155,ztuf22+Gf8WxJTyA4HeB0sN0QXF7NLKHggSwUbxNgkA=,3,5,1.6666666666666667,0,0.0,0,0.0,0,0.0,20,6.666666666666667,25,8.333333333333334,25,8.333333333333334,4565.548,1521.8493333333333,0.2,0.8
156,zttXM/ONeE0MHWvbBVLyHYbU2UfQpxnIj+xbooku1z4=,13,60,4.615384615384615,4,0.3076923076923077,9,0.6923076923076923,8,0.6153846153846154,189,14.538461538461538,270,20.76923076923077,216,16.615384615384617,48184.021,3706.463153846154,0.2222222222222222,0.7
157,ztr/kqidLn86SHbkXCY8TyRD2TQig+KNenNiCNgBzP8=,7,44,6.285714285714286,2,0.2857142857142857,4,0.5714285714285714,7,1.0,269,38.42857142857143,326,46.57142857142857,194,27.714285714285715,67843.715,9691.959285714285,0.13496932515337423,0.8251533742331288
158,ztox1q2vwkcLk+pX51oJGiC+dC1L91VpFNedFlwmrhE=,14,255,18.214285714285715,145,10.357142857142858,58,4.142857142857143,29,2.0714285714285716,330,23.571428571428573,817,58.357142857142854,663,47.357142857142854,119023.477,8501.676928571429,0.31211750305997554,0.4039167686658507
159,ztnqO9qHSCChi0z92DVeE7y90k7xNmlV3a+mdmFyudE=,4,5,1.25,1,0.25,0,0.0,0,0.0,75,18.75,81,20.25,44,11.0,16344.527000000002,4086.1317500000005,0.06172839506172839,0.9259259259259259
160,ztmsDzuBqWsdcT+RWtJVxbu487mamgy+y8kSsRk+fUM=,2,6,3.0,13,6.5,2,1.0,10,5.0,23,11.5,54,27.0,34,17.0,8432.718,4216.359,0.1111111111111111,0.42592592592592593
161,ztiQm+09f0LhGfx4WSvO4ObgrssLSXkbyVG5HQpQj6s=,12,151,12.583333333333334,11,0.9166666666666666,7,0.5833333333333334,16,1.3333333333333333,232,19.333333333333332,417,34.75,400,33.333333333333336,62886.909999999996,5240.575833333333,0.36211031175059955,0.5563549160671463
162,zti1gTJp4/Mtbb3tmIVv9bRG0BdCHSS9s6S79LFg7eI=,9,4,0.4444444444444444,0,0.0,2,0.2222222222222222,1,0.1111111111111111,285,31.666666666666668,292,32.44444444444444,229,25.444444444444443,75950.50799999999,8438.945333333331,0.0136986301369863,0.976027397260274
163,ztY4zB0CpACt9mBHWVMD3/awzehOSPLN2jZ3qbxoY/Y=,13,114,8.76923076923077,25,1.9230769230769231,5,0.38461538461538464,10,0.7692307692307693,305,23.46153846153846,459,35.30769230769231,410,31.53846153846154,79439.94799999999,6110.76523076923,0.24836601307189543,0.664488017429194
164,ztWQTH/kfzlEXwjbcooSHoU0JT12/7Q7y7pATcAO9ck=,10,74,7.4,16,1.6,9,0.9,21,2.1,187,18.7,307,30.7,277,27.7,52056.00399999999,5205.600399999999,0.24104234527687296,0.6091205211726385
165,ztPGaX2tM7D4LOykczA7J9EIhr0/QiMhpm8CIsJM3d0=,4,172,43.0,9,2.25,4,1.0,1,0.25,81,20.25,267,66.75,200,50.0,20840.1,5210.025,0.6441947565543071,0.30337078651685395
166,ztLm5j4ea8TcGECtFs8D44yFe8UWAks+baIYa7Lt+hI=,4,14,3.5,3,0.75,6,1.5,1,0.25,49,12.25,73,18.25,57,14.25,12699.599999999999,3174.8999999999996,0.1917808219178082,0.6712328767123288
167,zsfu8AEb/W/M+fFe1n2+QgVp/B0IoxJIU9PyXzB4hk8=,12,89,7.416666666666667,10,0.8333333333333334,6,0.5,9,0.75,368,30.666666666666668,482,40.166666666666664,278,23.166666666666668,90042.898,7503.574833333333,0.18464730290456433,0.7634854771784232
168,zpgVmep9lucRxZSMeBaG8MxceknIJVwqpU1wr8Hgw6A=,2,0,0.0,0,0.0,0,0.0,0,0.0,38,19.0,38,19.0,23,11.5,7883.770999999999,3941.8854999999994,0.0,1.0
169,zp3a7YOCAKns0kqvwsLq8vnQCGaVU//VPm2m3aKc6dY=,5,18,3.6,8,1.6,4,0.8,10,2.0,581,116.2,621,124.2,505,101.0,146239.11599999998,29247.823199999995,0.028985507246376812,0.9355877616747182
170,zoh1oT91yfzMfSlWTr6S3dRlx5FRVyj8jBWUabsUxRM=,5,46,9.2,16,3.2,6,1.2,8,1.6,125,25.0,201,40.2,117,23.4,33598.592000000004,6719.718400000001,0.22885572139303484,0.6218905472636815
171,zobb4hzlsq9uWfGJMAytfUQTpMrO2zJzVTI+sCKVQQk=,3,5,1.6666666666666667,4,1.3333333333333333,4,1.3333333333333333,1,0.3333333333333333,20,6.666666666666667,34,11.333333333333334,30,10.0,6022.606,2007.5353333333333,0.14705882352941177,0.5882352941176471
172,zoS1QNMBii7xrvuM8+BDUU6gUNvdDHQXQixVgtAMRKo=,4,2,0.5,1,0.25,1,0.25,2,0.5,35,8.75,41,10.25,40,10.0,8814.74,2203.685,0.04878048780487805,0.8536585365853658
173,zo9nOyDekP1PMFnVo3I8j7lg7G/EsFJfN68nAR8TBUs=,7,16,2.2857142857142856,9,1.2857142857142858,7,1.0,5,0.7142857142857143,103,14.714285714285714,140,20.0,99,14.142857142857142,28947.507,4135.358142857143,0.11428571428571428,0.7357142857142858
174,zo6ljbW94NeZJXYe9UZbqXdksbqbX6LmxpIboFms6LY=,10,137,13.7,26,2.6,23,2.3,17,1.7,297,29.7,500,50.0,413,41.3,81867.24299999999,8186.724299999999,0.274,0.594
175,zo1XBOzr86WJDXCvxpj1yoXr7ZusqN84NdEYWAcfFko=,10,68,6.8,18,1.8,14,1.4,33,3.3,222,22.2,355,35.5,301,30.1,68073.948,6807.3948,0.19154929577464788,0.6253521126760564
176,znWWb42LR9dJMt2KGJyyaLTA8blY6sdUjJN8nGWyMSQ=,15,321,21.4,57,3.8,20,1.3333333333333333,25,1.6666666666666667,589,39.266666666666666,1012,67.46666666666667,810,54.0,163023.054,10868.2036,0.31719367588932806,0.5820158102766798
177,znE9mPJRKAvxTNT5H0dJtjvDTVxAvjKHwKTsLZHD7p8=,8,15,1.875,4,0.5,8,1.0,3,0.375,499,62.375,529,66.125,252,31.5,114955.642,14369.45525,0.02835538752362949,0.943289224952741
178,zmyXj2YOKWLAeBxZApPKKGhVbvlTC5iNw0NuOftM2AY=,14,132,9.428571428571429,15,1.0714285714285714,16,1.1428571428571428,33,2.357142857142857,376,26.857142857142858,572,40.857142857142854,411,29.357142857142858,111166.386,7940.456142857142,0.23076923076923078,0.6573426573426573
179,zmvureUZJgDaZFRvJaMmQ35DmsR8XTUleF9aWPvi/M0=,3,15,5.0,1,0.3333333333333333,5,1.6666666666666667,0,0.0,39,13.0,60,20.0,37,12.333333333333334,10035.082999999999,3345.0276666666664,0.25,0.65
180,zmBV0E+EWTLQegqZRxCnqByTJXBqWhPjPN/LoJKg2KU=,4,15,3.75,1,0.25,0,0.0,0,0.0,110,27.5,126,31.5,89,22.25,26886.123999999996,6721.530999999999,0.11904761904761904,0.873015873015873
181,zkrooLF4lXDqah/4r9uAipSuMtbW0hJhCGWVE7jBiWk=,5,13,2.6,3,0.6,3,0.6,6,1.2,96,19.2,121,24.2,84,16.8,25429.551999999996,5085.910399999999,0.10743801652892562,0.7933884297520661
182,zkkqZX4P3v2Em/bBSZpxPUbgpjfEFndsR5M9pm5TNQ0=,2,7,3.5,5,2.5,2,1.0,7,3.5,32,16.0,53,26.5,34,17.0,11795.3,5897.65,0.1320754716981132,0.6037735849056604
183,zkcc+BaL8ZYNyIkIru7wSHHsat7VGcW4uILfNdO96+8=,15,148,9.866666666666667,29,1.9333333333333333,21,1.4,25,1.6666666666666667,369,24.6,592,39.46666666666667,397,26.466666666666665,98956.94699999999,6597.129799999999,0.25,0.6233108108108109
184,zkaiY+I4U4TLMB34bv/Fr+aaZFAfseK5j+AaGhepyf4=,11,71,6.454545454545454,14,1.2727272727272727,10,0.9090909090909091,14,1.2727272727272727,312,28.363636363636363,421,38.27272727272727,364,33.09090909090909,81721.76499999998,7429.251363636362,0.16864608076009502,0.7410926365795725
185,zkFDwg19sf3uJwCaL4ywCUvSPIE6C9POLoXML3rbalg=,1,0,0.0,0,0.0,0,0.0,1,1.0,2,2.0,3,3.0,3,3.0,669.867,669.867,0.0,0.6666666666666666
186,zjS2hvPycbIPGKUdTgHkK56eb+VLOwWLz/FldIobULI=,10,82,8.2,12,1.2,12,1.2,8,0.8,173,17.3,287,28.7,178,17.8,48126.699,4812.6699,0.2857142857142857,0.6027874564459931
187,zjN2JVawJ+PAJSrsXw/WI+huRbBVnTZcy7U7fBa4xS4=,13,113,8.692307692307692,56,4.3076923076923075,22,1.6923076923076923,7,0.5384615384615384,259,19.923076923076923,457,35.15384615384615,361,27.76923076923077,71422.693,5494.0533076923075,0.24726477024070023,0.5667396061269147
188,zifcdKbIGIlRi3Yl+O2jF5Zy4HkuU5llfBMrIJu1LCo=,2,6,3.0,4,2.0,3,1.5,1,0.5,12,6.0,26,13.0,17,8.5,4162.393,2081.1965,0.23076923076923078,0.46153846153846156
189,ziSu/c8QygrK1t/twvQevc7Q+sVvSR2+IvMc28jCpGc=,4,13,3.25,0,0.0,1,0.25,0,0.0,62,15.5,76,19.0,30,7.5,14894.554,3723.6385,0.17105263157894737,0.8157894736842105
190,ziAT/rdcHzrdhkuDGBsrIn5WTSXFmwYnPjk3doXZtdA=,13,57,4.384615384615385,12,0.9230769230769231,5,0.38461538461538464,7,0.5384615384615384,747,57.46153846153846,828,63.69230769230769,391,30.076923076923077,175147.074,13472.851846153846,0.06884057971014493,0.9021739130434783
191,zgzbFMraJn4fUP3Q1DX2cVrj20LeNKOVoHoBhGxuMr8=,7,121,17.285714285714285,18,2.5714285714285716,14,2.0,15,2.142857142857143,138,19.714285714285715,306,43.714285714285715,247,35.285714285714285,43733.75899999999,6247.679857142856,0.3954248366013072,0.45098039215686275
192,zgM2FO8sQuBgRQtAbuC7VbXK5uevrG4YIOq4O5l/4ks=,2,1,0.5,0,0.0,0,0.0,0,0.0,9,4.5,10,5.0,10,5.0,2192.489,1096.2445,0.1,0.9
193,zf1+Ak2SKwRbizfvn/QIIKU1UDa+mmInV70aa57nRUI=,1,3,3.0,1,1.0,0,0.0,0,0.0,3,3.0,7,7.0,6,6.0,574.511,574.511,0.42857142857142855,0.42857142857142855
194,zcE0juB3EjKJ7VdD0nZX0nmb+K4fqFxhLTH4PaGjzno=,9,4,0.4444444444444444,4,0.4444444444444444,5,0.5555555555555556,14,1.5555555555555556,665,73.88888888888889,692,76.88888888888889,652,72.44444444444444,173862.168,19318.018666666667,0.005780346820809248,0.9609826589595376
195,zcAyw3FPXztDfDXbUvl1gjB5XzDS9bgMxwxqiQhYI9w=,7,99,14.142857142857142,29,4.142857142857143,19,2.7142857142857144,25,3.5714285714285716,339,48.42857142857143,511,73.0,303,43.285714285714285,102964.07,14709.152857142859,0.19373776908023482,0.6634050880626223
196,zc5o4irRTebwQamvib2m8WmfW4GJSU7qBu8d/LDMKv4=,10,49,4.9,11,1.1,3,0.3,9,0.9,286,28.6,358,35.8,235,23.5,77348.259,7734.825900000001,0.13687150837988826,0.7988826815642458
197,zbrCteX61ZhxvdWMOruqx0LPdqzf/rSNQls8u4mA5Qo=,14,147,10.5,70,5.0,37,2.642857142857143,31,2.2142857142857144,251,17.928571428571427,536,38.285714285714285,374,26.714285714285715,81884.12300000002,5848.86592857143,0.27425373134328357,0.46828358208955223
198,zbGetwOqVMwCpMri4YHedWTiA1PmUt72IJj9Rv/GwvY=,9,95,10.555555555555555,26,2.888888888888889,20,2.2222222222222223,20,2.2222222222222223,169,18.77777777777778,330,36.666666666666664,201,22.333333333333332,49483.952,5498.216888888888,0.2878787878787879,0.5121212121212121
199,zagqpgg+6YE2IqI+XQGY78vM4y4ApdIfT9zBpLYn3m8=,7,21,3.0,4,0.5714285714285714,2,0.2857142857142857,10,1.4285714285714286,339,48.42857142857143,376,53.714285714285715,359,51.285714285714285,85368.778,12195.539714285715,0.05585106382978723,0.901595744680851
200,zaLXtv3qJt8mW5ZvaTN6+aakKWW+LJ0swVG3NSgzFlQ=,3,0,0.0,1,0.3333333333333333,0,0.0,1,0.3333333333333333,160,53.333333333333336,162,54.0,149,49.666666666666664,39557.062,13185.687333333333,0.0,0.9876543209876543
201,zZ97HdujsbN/kCO59Zv8+Fvj95u29FkJ53VIEOYJ+4I=,9,30,3.3333333333333335,19,2.111111111111111,6,0.6666666666666666,12,1.3333333333333333,426,47.333333333333336,493,54.77777777777778,350,38.888888888888886,109243.81100000002,12138.201222222224,0.060851926977687626,0.8640973630831643
202,zZ0M0JWyin0wOndxST5fMIXZ2OmDAQinid2kDri2XXU=,1,6,6.0,0,0.0,4,4.0,0,0.0,12,12.0,22,22.0,20,20.0,3682.2929999999997,3682.2929999999997,0.2727272727272727,0.5454545454545454
203,zYxC0fv/O9VYaYyNyelROiuPO2DkceGRAv8QAopO5Sw=,1,52,52.0,25,25.0,16,16.0,7,7.0,47,47.0,147,147.0,127,127.0,17845.616,17845.616,0.35374149659863946,0.3197278911564626
204,zYx99wobKZfkziYSASKAu3yNrbzGLDeu69adq6X4Lag=,1,1,1.0,0,0.0,0,0.0,0,0.0,0,0.0,1,1.0,1,1.0,2.168,2.168,1.0,0.0
205,zXztU5nZsBU425JInlh9FoNhe/ajwhq9QSSXWGO2RBk=,6,138,23.0,8,1.3333333333333333,6,1.0,11,1.8333333333333333,409,68.16666666666667,572,95.33333333333333,295,49.166666666666664,94707.22899999999,15784.538166666665,0.24125874125874125,0.715034965034965
206,zXubrRZPcv3gj+/12ZNk7IFHXy5umJ4MDyBzcKPL/7Q=,3,0,0.0,3,1.0,0,0.0,2,0.6666666666666666,32,10.666666666666666,37,12.333333333333334,32,10.666666666666666,9687.818,3229.2726666666663,0.0,0.8648648648648649
207,zXVCMPppAp2xkmFvya2XAlLBcNNNaCy9EWRgOjuAsEA=,3,5,1.6666666666666667,2,0.6666666666666666,0,0.0,1,0.3333333333333333,23,7.666666666666667,31,10.333333333333334,22,7.333333333333333,6799.335,2266.445,0.16129032258064516,0.7419354838709677
208,zWnq4Y8fmQ9MIc7GLzPBNTcpQkp0KsYsgkNn8FUW7qc=,3,4,1.3333333333333333,1,0.3333333333333333,4,1.3333333333333333,0,0.0,129,43.0,138,46.0,103,34.333333333333336,30606.055,10202.018333333333,0.028985507246376812,0.9347826086956522
209,zWXb2WPPm4AcYsn1IGhVW0+GtWkKPCdyHbarVfuceQM=,10,40,4.0,8,0.8,9,0.9,7,0.7,1017,101.7,1081,108.1,608,60.8,250873.152,25087.3152,0.03700277520814061,0.940795559666975
210,zWOdeCNjlxpaoAGLbax73Lc8pRGGgRhQYN8MfdO8Ykk=,11,66,6.0,17,1.5454545454545454,13,1.1818181818181819,8,0.7272727272727273,523,47.54545454545455,627,57.0,486,44.18181818181818,130999.532,11909.048363636364,0.10526315789473684,0.8341307814992025
211,zW8OGBeanFHKQuehox80HiBHo0cUM6RrXcmyXVLxjM4=,2,5,2.5,3,1.5,0,0.0,1,0.5,47,23.5,56,28.0,50,25.0,9246.536,4623.268,0.08928571428571429,0.8392857142857143
212,zVbOBKJwroGysd8EJYdShN1mkbWrICyqpR91pB9tz3A=,7,14,2.0,17,2.4285714285714284,4,0.5714285714285714,2,0.2857142857142857,242,34.57142857142857,279,39.857142857142854,234,33.42857142857143,62278.526,8896.932285714285,0.05017921146953405,0.8673835125448028
213,zUnIwY32a0MH5dbCDMHX7hxC1Q10qAj1FHeLy71ZLdQ=,8,42,5.25,8,1.0,3,0.375,1,0.125,91,11.375,145,18.125,112,14.0,23779.084,2972.3855,0.2896551724137931,0.6275862068965518
214,zUDkJKmOhdZnGjmxa9Sslu04q+RQUg6aA24JDP64fhM=,9,97,10.777777777777779,25,2.7777777777777777,14,1.5555555555555556,26,2.888888888888889,312,34.666666666666664,474,52.666666666666664,338,37.55555555555556,92096.72700000001,10232.969666666668,0.20464135021097046,0.6582278481012658
215,zT9aBJm2vSWrhjvVd0tDFaYPVP5hwffYX5LKYaTFwto=,8,54,6.75,5,0.625,2,0.25,6,0.75,116,14.5,183,22.875,167,20.875,31877.532,3984.6915,0.29508196721311475,0.6338797814207651
216,zS42XkIEaVY9ZqiwPCh0Bsd0HQczfOrZGU7fNXxeIH0=,3,28,9.333333333333334,9,3.0,2,0.6666666666666666,4,1.3333333333333333,216,72.0,259,86.33333333333333,195,65.0,53673.225,17891.075,0.10810810810810811,0.833976833976834
217,zRz7uK0rxRJOm74ffLPvwD7vbxQjnGGS6Fcp+4p0Cuw=,5,19,3.8,2,0.4,2,0.4,5,1.0,191,38.2,219,43.8,207,41.4,49612.045000000006,9922.409000000001,0.0867579908675799,0.8721461187214612
218,zRpnV3xvcpM052JNMiAvLoDxSVyYcZUqd8L6Xa/IdUw=,7,59,8.428571428571429,24,3.4285714285714284,10,1.4285714285714286,16,2.2857142857142856,185,26.428571428571427,294,42.0,256,36.57142857142857,55799.926999999996,7971.418142857142,0.20068027210884354,0.6292517006802721
219,zQbYUso/y7uV5gakhxtdDABrsUx0bgiLgd8OUkD/kNE=,15,109,7.266666666666667,41,2.7333333333333334,28,1.8666666666666667,29,1.9333333333333333,422,28.133333333333333,629,41.93333333333333,383,25.533333333333335,117691.58699999998,7846.105799999999,0.17329093799682035,0.670906200317965
220,zOUl8RuKBsPVwhWOnArZfcRupvCg27JpgZcqEMBfe/M=,4,53,13.25,4,1.0,5,1.25,2,0.5,196,49.0,260,65.0,206,51.5,50254.772,12563.693,0.20384615384615384,0.7538461538461538
221,zNmiB91CQdGxOENHQY6JFhgvwlWzkRb7TbcZk8qywqU=,14,7,0.5,2,0.14285714285714285,0,0.0,5,0.35714285714285715,1422,101.57142857142857,1436,102.57142857142857,1334,95.28571428571429,345901.311,24707.2365,0.004874651810584958,0.9902506963788301
222,zNLZsumRfEQZPw4xr6lta3uaxgWjwyBhVmIwE/Uaomk=,6,14,2.3333333333333335,2,0.3333333333333333,2,0.3333333333333333,1,0.16666666666666666,176,29.333333333333332,195,32.5,90,15.0,46084.445999999996,7680.740999999999,0.07179487179487179,0.9025641025641026
223,zMQPC42RZLIQBX2gIq2YMtkD+LrGYIxx2khyp32wVsM=,2,55,27.5,13,6.5,9,4.5,5,2.5,11,5.5,93,46.5,52,26.0,7264.552000000001,3632.2760000000003,0.5913978494623656,0.11827956989247312
224,zLof7igqfvKfIdDOGrs8mmfvQ4xqUnM4nwRU4YgX59I=,11,35,3.1818181818181817,4,0.36363636363636365,9,0.8181818181818182,8,0.7272727272727273,321,29.181818181818183,377,34.27272727272727,278,25.272727272727273,81144.76699999999,7376.797,0.09283819628647215,0.8514588859416445
225,zLmuh/VXsIQ6qN6ImY+2M81a6D0w+kQ03Q01wrh/tvM=,4,13,3.25,4,1.0,2,0.5,5,1.25,98,24.5,122,30.5,95,23.75,26361.951,6590.48775,0.10655737704918032,0.8032786885245902
226,zLL+2fEGrpuntmoZe1OgCmFCiSSqrztmAuNd67wTG90=,9,7,0.7777777777777778,7,0.7777777777777778,2,0.2222222222222222,2,0.2222222222222222,151,16.77777777777778,169,18.77777777777778,153,17.0,39560.566999999995,4395.618555555555,0.04142011834319527,0.893491124260355
227,zLG9oojdNe8JOHR9iP3ijr2b9fW/S8bdh++UdU57Myw=,3,4,1.3333333333333333,1,0.3333333333333333,0,0.0,0,0.0,45,15.0,50,16.666666666666668,49,16.333333333333332,10180.764,3393.5879999999997,0.08,0.9
228,zLAxKnA5fxzDUTPYRYx6mW4EAnobCAsEjL/nRB4GoIg=,2,5,2.5,0,0.0,1,0.5,1,0.5,44,22.0,51,25.5,36,18.0,12613.963,6306.9815,0.09803921568627451,0.8627450980392157
229,zKxAsVIzH1mXQpoaFKMh3CfobH6WFysVHiBFPGhJ+iU=,4,3,0.75,3,0.75,1,0.25,1,0.25,41,10.25,49,12.25,48,12.0,11406.841,2851.71025,0.061224489795918366,0.8367346938775511
230,zJsAHPYSFGUUBQXFSct6FQNJLNrAygbYHVeIQfApwBU=,13,100,7.6923076923076925,27,2.076923076923077,15,1.1538461538461537,22,1.6923076923076923,377,29.0,541,41.61538461538461,418,32.15384615384615,104149.288,8011.483692307693,0.18484288354898337,0.6968576709796673
231,zJg6CguYAan9xjm/SzOMLaPB+5Ja0JqBUxJor5y0iqQ=,1,4,4.0,4,4.0,0,0.0,4,4.0,3,3.0,15,15.0,12,12.0,1988.963,1988.963,0.26666666666666666,0.2
232,zJRjhp+suV4DHFWHSfVhny+Tli1VFhd0TJmdkyVAQGk=,5,2,0.4,3,0.6,2,0.4,3,0.6,145,29.0,155,31.0,130,26.0,37315.816,7463.1632,0.012903225806451613,0.9354838709677419
233,zJNlDe67HwvmetJ1XRO1kicOUg3di7YJiNh1tHeKHbg=,9,0,0.0,0,0.0,0,0.0,1,0.1111111111111111,277,30.77777777777778,278,30.88888888888889,168,18.666666666666668,62539.255,6948.806111111111,0.0,0.9964028776978417
234,zIRzEyWYwX3G/pRlzRw97ZhAbLRaWmwJqPX3bqK9Pyw=,1,10,10.0,0,0.0,2,2.0,2,2.0,7,7.0,21,21.0,20,20.0,2494.238,2494.238,0.47619047619047616,0.3333333333333333
235,zHd3jwBL4FvWvs7sDXA2DraKt83AEjkCquvQoNuLlDY=,11,38,3.4545454545454546,19,1.7272727272727273,15,1.3636363636363635,11,1.0,149,13.545454545454545,232,21.09090909090909,177,16.09090909090909,45044.17,4094.9245454545453,0.16379310344827586,0.6422413793103449
236,zH4DwJbe/ikVTObberH8t21icKdiRjJsWWz/z9fsWng=,5,106,21.2,16,3.2,6,1.2,11,2.2,93,18.6,232,46.4,187,37.4,40546.388999999996,8109.277799999999,0.45689655172413796,0.40086206896551724
237,zGrIe74ZrGOxAS3RyIJfe0NvG6CkuUIi2efO09ZMGJY=,11,25,2.272727272727273,10,0.9090909090909091,9,0.8181818181818182,10,0.9090909090909091,131,11.909090909090908,185,16.818181818181817,172,15.636363636363637,37184.053,3380.3684545454544,0.13513513513513514,0.7081081081081081
238,zGIp30nVUvNfnMHpqcdf1REP5I1IADx/Hr+N2q7sFrU=,5,21,4.2,2,0.4,4,0.8,4,0.8,95,19.0,126,25.2,59,11.8,23093.473,4618.694600000001,0.16666666666666666,0.753968253968254
239,zFzLHLLLn/bgCoJkuw3wrzZZKa9GteQYBvQ/kWIRRa0=,11,53,4.818181818181818,16,1.4545454545454546,13,1.1818181818181819,9,0.8181818181818182,306,27.818181818181817,397,36.09090909090909,259,23.545454545454547,79893.022,7263.0019999999995,0.13350125944584382,0.7707808564231738
240,zFJWrvJQ6TswOlbFnK1oy7pl4yANnsPh4zVG9RjzFh0=,8,17,2.125,5,0.625,3,0.375,3,0.375,119,14.875,147,18.375,113,14.125,30953.515999999996,3869.1894999999995,0.11564625850340136,0.8095238095238095
241,zEVpA1P6cegITxBFJoqW3JdTc9G+7o4O9SGq94VXz7s=,13,64,4.923076923076923,9,0.6923076923076923,18,1.3846153846153846,80,6.153846153846154,580,44.61538461538461,751,57.76923076923077,617,47.46153846153846,162705.902,12515.838615384615,0.085219707057257,0.7723035952063915
242,zEMe3zQ1LWb/i3SvGGBFfmFb17xIKv5UFp13rtetCNA=,8,30,3.75,8,1.0,2,0.25,8,1.0,70,8.75,118,14.75,99,12.375,22163.201999999997,2770.4002499999997,0.2542372881355932,0.5932203389830508
243,zDzehbsZu7FEhKQYewhSJcsv2CWP+G7vkAyGjkMgCbs=,3,106,35.333333333333336,1,0.3333333333333333,0,0.0,1,0.3333333333333333,26,8.666666666666666,134,44.666666666666664,108,36.0,7587.796,2529.2653333333333,0.7910447761194029,0.19402985074626866
244,zDXqlwpQ5LZAlyd76Gi4p7vV9ZjsEOTi0tsR2cUYy1Q=,10,130,13.0,8,0.8,14,1.4,3,0.3,101,10.1,256,25.6,217,21.7,29567.125999999997,2956.7126,0.5078125,0.39453125
245,zDHPYuO/uTmO4UgDWWe+gP5CYwawgyzM66zovEny+EE=,2,27,13.5,7,3.5,0,0.0,5,2.5,83,41.5,122,61.0,100,50.0,23122.584000000003,11561.292000000001,0.22131147540983606,0.680327868852459
246,zD0DHo6VGaLIiIEcCnzbrBKBy1bY9YP2Q/oGau5ooM8=,7,91,13.0,6,0.8571428571428571,6,0.8571428571428571,14,2.0,229,32.714285714285715,346,49.42857142857143,318,45.42857142857143,65521.83699999999,9360.262428571428,0.2630057803468208,0.661849710982659
247,zBucvEBXe+Yxl5cWLOiitjjjcFN5kHhFyWnZD7mpu0g=,11,24,2.1818181818181817,9,0.8181818181818182,6,0.5454545454545454,1,0.09090909090909091,1144,104.0,1184,107.63636363636364,694,63.09090909090909,249994.773,22726.797545454545,0.02027027027027027,0.9662162162162162
248,zAWyYsoXAnTowO05099I2rq3XiFlgbwAglcMDsIDj9s=,7,52,7.428571428571429,14,2.0,2,0.2857142857142857,10,1.4285714285714286,79,11.285714285714286,157,22.428571428571427,115,16.428571428571427,23327.389,3332.4841428571426,0.33121019108280253,0.5031847133757962
249,zA+/p+YuT8Xf7CEZA1pjMj78F7V8mRXJyY5l9EYVE4s=,4,10,2.5,1,0.25,3,0.75,2,0.5,38,9.5,54,13.5,43,10.75,9920.800000000001,2480.2000000000003,0.18518518518518517,0.7037037037037037
250,z9MdMYq022KHO8hZcw/F7J0AHYM8R7o1Tk0Q65/TZUo=,10,65,6.5,11,1.1,15,1.5,11,1.1,220,22.0,322,32.2,151,15.1,59579.769,5957.9769,0.20186335403726707,0.6832298136645962
251,z9HsWFqcqEqpbJGDEiNZgc94Q2YXWlAE4/9S5qVOHhY=,9,25,2.7777777777777777,8,0.8888888888888888,6,0.6666666666666666,3,0.3333333333333333,98,10.88888888888889,140,15.555555555555555,113,12.555555555555555,26329.226,2925.4695555555554,0.17857142857142858,0.7
252,z8V2vmBRUomqfO9NbriAK5sNd2xH5HXOKWoJMFGNxV4=,3,1,0.3333333333333333,1,0.3333333333333333,0,0.0,0,0.0,44,14.666666666666666,46,15.333333333333334,44,14.666666666666666,11069.682,3689.8940000000002,0.021739130434782608,0.9565217391304348
253,z734lkjUVrcXzBDHfQt5ZVnRnskF4lROBFQLzO6xurg=,1,1,1.0,0,0.0,0,0.0,0,0.0,27,27.0,28,28.0,28,28.0,6109.960999999999,6109.960999999999,0.03571428571428571,0.9642857142857143
254,z6ZWKWaNnxsPStHnrbwQXfPewM77hZLU0F77NyMuyag=,10,30,3.0,9,0.9,12,1.2,6,0.6,976,97.6,1033,103.3,791,79.1,250877.96600000001,25087.7966,0.02904162633107454,0.9448209099709584
255,z63AR4/ilr64ETyeFyx7ixrz+j+lIZyExCxKCS65s10=,9,24,2.6666666666666665,19,2.111111111111111,14,1.5555555555555556,13,1.4444444444444444,374,41.55555555555556,444,49.333333333333336,376,41.77777777777778,100309.697,11145.521888888888,0.05405405405405406,0.8423423423423423
256,z60QL68jJMxDbQtDtLADd9ayy/jKV0Lm+Zb7FvC8Ha0=,7,31,4.428571428571429,7,1.0,5,0.7142857142857143,2,0.2857142857142857,289,41.285714285714285,334,47.714285714285715,267,38.142857142857146,71097.807,10156.829571428572,0.09281437125748503,0.8652694610778443
257,z5UQ+ybVy3+z23Ff/CE7cEjMQjv4R7yUFFFhI1Bsaig=,6,20,3.3333333333333335,3,0.5,1,0.16666666666666666,9,1.5,76,12.666666666666666,109,18.166666666666668,87,14.5,20783.263,3463.8771666666667,0.1834862385321101,0.6972477064220184
258,z5FFd0FC9tQ9i7G4894XSRYjvITrz+g4N0sMrgFjAGY=,1,57,57.0,15,15.0,3,3.0,3,3.0,24,24.0,102,102.0,67,67.0,8249.796999999999,8249.796999999999,0.5588235294117647,0.23529411764705882
259,z58CeSBUR6R0fUK2cyY9YVypDJFBsAWogNj18PlMxIU=,5,20,4.0,3,0.6,1,0.2,3,0.6,132,26.4,159,31.8,157,31.4,33457.657,6691.5314,0.12578616352201258,0.8301886792452831
260,z4qvJbnw7FI0iRz4i/MwPsvBlplxxUHBD+a9z6MrVy0=,3,4,1.3333333333333333,0,0.0,0,0.0,1,0.3333333333333333,101,33.666666666666664,106,35.333333333333336,106,35.333333333333336,26667.91,8889.303333333333,0.03773584905660377,0.9528301886792453
261,z3q8Krk9lek1xhEPsUoUgxP/Ix7dKW2+6nb9QaUneDM=,10,19,1.9,9,0.9,2,0.2,4,0.4,304,30.4,338,33.8,325,32.5,78897.072,7889.7072,0.05621301775147929,0.8994082840236687
262,z3dSIXkHO4APQymexCTJL3Phzfd1lSAIth+leVjC8U4=,2,19,9.5,3,1.5,0,0.0,1,0.5,29,14.5,52,26.0,42,21.0,8745.132,4372.566,0.36538461538461536,0.5576923076923077
263,z1Lm/BlRQraiaWJ7RaQWe0+l0Z40ACj7W+zk29FiaS4=,5,14,2.8,10,2.0,7,1.4,11,2.2,50,10.0,92,18.4,58,11.6,17927.576,3585.5152000000003,0.15217391304347827,0.5434782608695652
264,z+OoIbJqZmwFYuOVdUyUKXQ+oTMwpETLjPP2Uorm/v8=,3,1,0.3333333333333333,0,0.0,0,0.0,1,0.3333333333333333,143,47.666666666666664,145,48.333333333333336,93,31.0,37135.272,12378.423999999999,0.006896551724137931,0.9862068965517241
265,yzdAGC151ZNwboTj6H3h903n7uKqU1IAeghkPKsWvvs=,4,35,8.75,5,1.25,5,1.25,4,1.0,72,18.0,121,30.25,96,24.0,18629.666999999998,4657.416749999999,0.2892561983471074,0.5950413223140496
266,yzJk8Fw5JLjrLxncjwVFgISLJiYqisgrfXJC+gV8VKU=,4,11,2.75,4,1.0,2,0.5,1,0.25,69,17.25,87,21.75,85,21.25,19205.436999999998,4801.3592499999995,0.12643678160919541,0.7931034482758621
267,yyxSW7yadRA/3by2n9EbA0G6qcGE1VkVp/L9LqObFug=,3,12,4.0,5,1.6666666666666667,2,0.6666666666666666,0,0.0,287,95.66666666666667,306,102.0,225,75.0,74710.524,24903.508,0.0392156862745098,0.9379084967320261
268,yygg0PCW51w9nD8ACBBe2VSwTAR6EWD/cVC4B1AOeyk=,9,28,3.111111111111111,5,0.5555555555555556,6,0.6666666666666666,2,0.2222222222222222,120,13.333333333333334,161,17.88888888888889,134,14.88888888888889,30830.098,3425.5664444444446,0.17391304347826086,0.7453416149068323
269,yyJcg6AHuMB2yGdiAsAuKh8WrBPMobK+G0B/bT/YGkY=,1,2,2.0,0,0.0,0,0.0,0,0.0,0,0.0,2,2.0,2,2.0,60.611999999999995,60.611999999999995,1.0,0.0
270,yyJM+QjDqHgBKUv/V7Ee7GwjzlzpDbERI169agQRThY=,7,21,3.0,7,1.0,9,1.2857142857142858,11,1.5714285714285714,159,22.714285714285715,207,29.571428571428573,195,27.857142857142858,46594.208,6656.315428571428,0.10144927536231885,0.7681159420289855
271,yxyIIrOCIAebocoG5UKjYCkwQu+y+OyrTzHZYX0kTb8=,2,1,0.5,3,1.5,1,0.5,2,1.0,54,27.0,61,30.5,59,29.5,14304.061,7152.0305,0.01639344262295082,0.8852459016393442
272,yx2lp2Dz7Mehtkj0cLJFImHk6VSoUkHUIiqsFeQP3wQ=,3,18,6.0,9,3.0,1,0.3333333333333333,0,0.0,2,0.6666666666666666,30,10.0,30,10.0,1635.2839999999999,545.0946666666666,0.6,0.06666666666666667
273,ywYozfM65a4kDatBUPXK2EloBkF9p9Ybj3MOTYmXzZg=,3,54,18.0,98,32.666666666666664,15,5.0,5,1.6666666666666667,42,14.0,214,71.33333333333333,199,66.33333333333333,22620.363,7540.121,0.2523364485981308,0.19626168224299065
274,ywY0TyOdPr1Aw8TC3DpHcAy9n4qviTMrQRx0hNIJdeM=,1,0,0.0,0,0.0,0,0.0,0,0.0,1,1.0,1,1.0,1,1.0,276.48,276.48,0.0,1.0
275,yvtHiVE/G84d4qboWAP3B/SSV8v95wf21acDy3BqCKE=,6,19,3.1666666666666665,6,1.0,3,0.5,3,0.5,315,52.5,346,57.666666666666664,211,35.166666666666664,85792.463,14298.743833333334,0.05491329479768786,0.9104046242774566
276,yvl5r8bfjerhZo7zEwy+6ytKvT4dNB7ClnYR+WX+Nds=,15,43,2.8666666666666667,13,0.8666666666666667,7,0.4666666666666667,12,0.8,657,43.8,732,48.8,662,44.13333333333333,155739.335,10382.622333333333,0.05874316939890711,0.8975409836065574
277,yvOOD+5ArFMciPKm6M1AZEWNa1TWor/Az+2fKM5x4UQ=,6,10,1.6666666666666667,3,0.5,2,0.3333333333333333,5,0.8333333333333334,91,15.166666666666666,111,18.5,99,16.5,26347.97,4391.328333333334,0.09009009009009009,0.8198198198198198
278,yv3ux3pChbCh/YANazY3YTW2zj4IYIUXNpD8LSlqKvQ=,5,138,27.6,18,3.6,12,2.4,17,3.4,221,44.2,406,81.2,272,54.4,64336.236999999994,12867.247399999998,0.3399014778325123,0.5443349753694581
279,ys/5u8Rkt2v4nWuZtElEBCMSuSt63x7hI50vK8d2dKc=,8,55,6.875,4,0.5,0,0.0,5,0.625,64,8.0,128,16.0,120,15.0,16717.601000000002,2089.7001250000003,0.4296875,0.5
280,yrWB0F32vMN0VuIMLMoffO7sE4ZekuxIQAOo+tKm0sM=,2,15,7.5,2,1.0,4,2.0,4,2.0,40,20.0,65,32.5,62,31.0,10577.847,5288.9235,0.23076923076923078,0.6153846153846154
281,yr/DBiJpIw++KoctNfOaV5mwAhnIojAWU97NHZbkgdo=,6,14,2.3333333333333335,5,0.8333333333333334,4,0.6666666666666666,2,0.3333333333333333,33,5.5,58,9.666666666666666,43,7.166666666666667,10433.218,1738.8696666666667,0.2413793103448276,0.5689655172413793
282,yqn+gpRy72PhG9l1PWU/uY7owQ5nNT+FWBVNv+9FYbQ=,12,16,1.3333333333333333,2,0.16666666666666666,2,0.16666666666666666,3,0.25,286,23.833333333333332,309,25.75,237,19.75,72669.29000000001,6055.774166666667,0.05177993527508091,0.9255663430420712
283,yqljgvP4EZtydYwDvr+Dik80n4+71D2FR3n5LtC0+d0=,13,59,4.538461538461538,28,2.1538461538461537,26,2.0,24,1.8461538461538463,277,21.307692307692307,414,31.846153846153847,266,20.46153846153846,75390.329,5799.256076923077,0.14251207729468598,0.6690821256038647
284,yqjGAD5yUZEhwUdQnP1vcQjEs39ke+3kt8K2tqVmYWk=,3,229,76.33333333333333,0,0.0,1,0.3333333333333333,3,1.0,61,20.333333333333332,294,98.0,243,81.0,15616.463,5205.487666666667,0.7789115646258503,0.20748299319727892
285,yZ5d6HFKEmfrjoSBRLfTuxp3S9x+dpzLylQtIgC3OpU=,3,35,11.666666666666666,16,5.333333333333333,5,1.6666666666666667,4,1.3333333333333333,14,4.666666666666667,74,24.666666666666668,63,21.0,7076.293,2358.764333333333,0.47297297297297297,0.1891891891891892
286,yZ+P1A/ytRbfxAJ95LGBk1XK6peJyNlGmoLIAp/fWS0=,13,120,9.23076923076923,18,1.3846153846153846,7,0.5384615384615384,13,1.0,594,45.69230769230769,752,57.84615384615385,415,31.923076923076923,151498.23599999998,11653.71046153846,0.1595744680851064,0.7898936170212766
287,yYvYokC/CNDGBQiEENc73byUPwkrMZy9Uc2Z6LlO8BU=,8,24,3.0,3,0.375,6,0.75,7,0.875,229,28.625,269,33.625,263,32.875,62065.44799999999,7758.180999999999,0.08921933085501858,0.8513011152416357
288,yVzXvSwEgzAHwFVgbtQewmE+0MKsfsofW2zWf4gg2BE=,3,10,3.3333333333333335,13,4.333333333333333,15,5.0,2,0.6666666666666666,95,31.666666666666668,135,45.0,83,27.666666666666668,27638.401,9212.800333333334,0.07407407407407407,0.7037037037037037
289,yV0W+RlBKQLk9vPG1eIhLGg4vzM3zbWLsvS9ezY2PJI=,9,3,0.3333333333333333,4,0.4444444444444444,3,0.3333333333333333,4,0.4444444444444444,1003,111.44444444444444,1017,113.0,858,95.33333333333333,237562.34,26395.815555555557,0.0029498525073746312,0.9862340216322517
290,yUy1wsOOLCunInZd3ZeiMe7Qse1sI/XN5tQBUJvE4+0=,6,12,2.0,3,0.5,2,0.3333333333333333,1,0.16666666666666666,600,100.0,618,103.0,220,36.666666666666664,150796.334,25132.722333333335,0.019417475728155338,0.970873786407767
291,yUsLXlNXi20tV4so9J7HBOzusuluNVjdMkAX4ral8/U=,2,18,9.0,8,4.0,1,0.5,1,0.5,35,17.5,63,31.5,30,15.0,8879.491,4439.7455,0.2857142857142857,0.5555555555555556
292,yTrmt9ZOZLlBLv3xPv3/Qc4J4FH3DCl/NzklnpJabHk=,11,29,2.6363636363636362,18,1.6363636363636365,5,0.45454545454545453,8,0.7272727272727273,1028,93.45454545454545,1088,98.9090909090909,669,60.81818181818182,232353.458,21123.041636363636,0.02665441176470588,0.9448529411764706
293,yTP8GXm6j/UAg2rup/PF/Yf/QjyxnjQyEN+m7doXVnA=,2,3,1.5,3,1.5,2,1.0,1,0.5,20,10.0,29,14.5,21,10.5,5383.652,2691.826,0.10344827586206896,0.6896551724137931
294,ySyeABzIhNr+tkB35Jlu9bkPmX0+st1ErwJsB/aN398=,1,2,2.0,0,0.0,0,0.0,1,1.0,68,68.0,71,71.0,64,64.0,17206.573,17206.573,0.028169014084507043,0.9577464788732394
